00, ,<,00
00,0,<,01
00,1,<,01

01,0,<,01
01,1,<,01
01, ,<,02

02, ,<,02
02,0,<,03
02,1,<,03

03,0,<,03
03,1,<,03
03, ,>,04

04,0,2,05

05,0,>,05
05,1,>,05
05,2,>,05
05, ,>,06

06, ,>,06
06,0,2,07
06,1,3,07

07,0,>,07
07,1,>,07
07,2,>,07
07,3,>,07
07, ,>,08

08, ,0,10

04,1,3,11

11,0,>,11
11,1,>,11
11,3,>,11
11, ,>,12

12, ,>,12
12,0,2,07
12,1,3,13

13,0,>,13
13,1,>,13
13,3,>,13
13, ,>,14

14, ,1,10

10,0,<,10
10,1,<,10
10, ,<,15

15, ,<,15
15,0,<,16
15,1,<,16
15,2,<,16
15,3,<,16

16,0,<,16
16,1,<,16
16,2,<,16
16,3,<,16
16, ,<,17

17, ,<,17
17,0,<,18
17,1,<,18
17,2,0,20
17,3,1,20

18,0,<,18
18,1,<,18
18,2,0,20
18,3,1,20

20,0,>,19
20,1,>,19

19,0,2,21

21,0,>,21
21,1,>,21
21,2,>,21
21, ,>,22

22, ,>,22
22,0,>,23
22,1,>,23
22,2,0,25
22,3,1,25

23,0,>,23
23,1,>,23
23,2,0,25
23,3,1,25

25,0,>,24
25,1,>,24

24,0,2,26
24,1,3,26

26,0,>,26
26,1,>,26
26,2,>,26
26,3,>,26
26, ,>,27

27,0,>,27
27,1,>,27
27, ,0,10

19,1,3,28

28,0,>,28
28,1,>,28
28,3,>,28
28, ,>,29

29, ,>,29
29,0,>,30
29,1,>,30
29,2,0,31
29,3,1,31

30,0,>,30
30,1,>,30
30,2,0,31
30,3,1,31

31,0,>,32
31,1,>,32

32,0,2,26
32,1,3,33

33,0,>,33
33,1,>,33
33,3,>,33
33, ,>,34

34,0,>,34
34,1,>,34
34, ,1,10

19, ,>,35

35, ,>,35
35,0,>,36
35,1,>,36
35,2,0,37
35,3,1,37

36,0,>,36
36,1,>,36
36,2,0,37
36,3,1,37

37,0,>,38
37,1,>,38

38,0,>,38
38,1,>,38
38, ,>,39

39,0,>,39
39,1,>,39
