00, ,<,00
00,0,0,01
00,1,1,01
01,0,<,01
01,1,<,01
01, ,<,02
02,0,<,02
02,1,<,02
02, ,>,03
04,0,>,04
04,1,>,04
05,0,>,05
05,1,>,05
06,0,>,06
06,1,>,06
07,0,>,07
07,1,>,07
06, ,>,08
07, ,>,09
08,0,>,08
08,1,>,08
09,0,>,09
09,1,>,09
08, ,0,10
09, ,1,11
10,0,<,10
10,1,<,10
11,0,<,11
11,1,<,11
10, ,<,12
11, ,<,13
12,0,<,12
12,1,<,12
13,0,<,13
13,1,<,13
12, ,<,14
13, ,<,15
14,0,<,14
14,1,<,14
15,0,<,15
15,1,<,15
14, ,0,16
15, ,1,16
16,0,>,03
16,1,>,03
03,0, ,17
03,1, ,18
17, ,>,04
18, ,>,05
04, ,>,06
05, ,>,07
03, ,>,19
19,0,>,19
19,1,>,19
19, ,>,20
20,0,>,20
20,1,>,20
20, ,<,21
21,0, ,22
21,1, ,23
22, ,<,24
23, ,<,25
24,0,<,24
24,1,<,24
25,0,<,25
25,1,<,25
24, ,<,26
25, ,<,27
28,0, ,29
30,0, ,31
28,1, ,32
30,1, ,33
29, ,<,34
31, ,<,35
32, ,<,36
33, ,<,37
34,0,<,34
34,1,<,34
35,0,<,35
35,1,<,35
36,0,<,36
36,1,<,36
37,0,<,37
37,1,<,37
34, ,<,38
35, ,<,39
36, ,<,40
37, ,<,41
38,0,<,38
38,1,<,38
39,0,<,39
39,1,<,39
40,0,<,40
40,1,<,40
41,0,<,41
41,1,<,41
38, ,0,42
39, ,1,42
40, ,0,43
41, ,1,43
42,0,<,26
42,1,<,26
43,0,<,27
43,1,<,27
26,0, ,44
26,1, ,45
27,0, ,46
27,1, ,47
44, ,>,48
45, ,>,49
46, ,>,50
47, ,>,51
48,0,>,48
48,1,>,48
49,0,>,49
49,1,>,49
50,0,>,50
50,1,>,50
51,0,>,51
51,1,>,51
48, ,>,52
49, ,>,53
50, ,>,54
51, ,>,55
52,0,>,52
52,1,>,52
53,0,>,53
53,1,>,53
54,0,>,54
54,1,>,54
55,0,>,55
55,1,>,55
52, ,0,56
53, ,<,57
57,0,<,57
57,1,0,58
58,0,>,59
59,0,1,59
59,1,>,59
59, ,1,60
54, ,1,56
55, ,0,60
56,0,<,28
56,1,<,28
60,0,<,30
60,1,<,30
56, ,<,28
60, ,<,30
26, ,>,61
27, ,>,62
61,0,>,61
61,1,>,61
62,0,>,62
62,1,>,62
61, ,>,63
62, ,>,64
63,0,>,63
63,1,>,63
64,0,>,64
64,1,>,64
63, ,0,65
64, ,1,65
28, ,<,66
30, ,<,67
66,0,<,67
66,1,<,66
67,0,<,67
67,1,<,67
66, ,0,65
67, ,1,65
65,0,0,65
65,1,1,65
65, , ,65
